45.3	Haz45	0.3	Out2	file	-	magnitude	recurrence	curves	for	SSC	fractile	code
1	"nFlt, nWidth"										
1												
1	0											
1	Rodg	ers_Cre	ek+NH+SH									
37	3	"nMag,"	nParamVar									
0.6	0.2	0.2											
1	1	5.05	0.004386129	0.005639309	0.006892488
1	1	5.15	0.003206459	0.00412259	0.005038721
1	1	5.25	0.002606307	0.003350967	0.004095626
1	1	5.35	0.002118486	0.002723768	0.00332905
1	1	5.45	0.00172197	0.002213962	0.002705953
1	1	5.55	0.00139967	0.001799576	0.002199481
1	1	5.65	0.001137694	0.00146275	0.001787806
1	1	5.75	0.000924753	0.001188968	0.001453183
1	1	5.85	0.000751667	0.000966429	0.001181191
1	1	5.95	0.000610978	0.000785543	0.000960108
1	1	6.05	0.000496622	0.000638514	0.000780405
1	1	6.15	0.000403669	0.000519003	0.000634337
1	1	6.25	0.000328115	0.000421862	0.000515609
1	1	6.35	0.000266702	0.000342902	0.000419103
1	1	6.45	0.000216783	0.000278721	0.000340659
1	1	6.55	0.000176208	0.000226553	0.000276898
1	1	6.65	0.000143227	0.000184149	0.000225071
1	1	6.75	0.000614948	0.000790648	0.000966347
1	1	6.85	0.000942446	0.001211717	0.001480987
1	1	6.95	0.000942446	0.001211717	0.001480987
1	1	7.05	0.000942446	0.001211717	0.001480987
1	1	7.15	0.000942446	0.001211717	0.001480987
1	1	7.25	0.000376978	0.000484687	0.000592395
1	1	7.35	0	0	0
1	1	7.45	0	0	0
1	1	7.55	0	0	0
1	1	7.65	0	0	0
1	1	7.75	0	0	0
1	1	7.85	0	0	0
1	1	7.95	0	0	0
1	1	8.05	0	0	0
1	1	8.15	0	0	0
1	1	8.25	0	0	0
1	1	8.35	0	0	0
1	1	8.45	0	0	0
1	1	8.55	0	0	0
1	1	8.65	0	0	0









												
												
												
												
												
												
												
												
												
	1.00E+00											